pip=25.2=pyhc872135_0
python=3.13.7=h260b955_100_cp313
python_abi=3.13=1_cp313
setuptools=78.1.1=py313haa95532_0
sqlite=3.50.2=hda9a48d_1
tk=8.6.15=hf199647_0
tzdata=2025b=h04d1e81_0
ucrt=10.0.22621.0=haa95532_0
vc=14.3=h2df5915_10
vc14_runtime=14.44.35208=h4927774_10
vs2015_runtime=14.44.35208=ha6b5a95_10
wheel=0.45.1=py313haa95532_0
xz=5.6.4=h4754444_1
zlib=1.3.1=h02ab6af_0
pip:
plotly==6.3.0
protobuf==6.32.1
